+---+---+---+---+---+---+---+---+---+---+---+
|   | +0| +1| +2| +3| +4| +5| +6| +7| +8| +9|
+===+===+===+===+===+===+===+===+===+===+===+
|  0|  0|  1|  2|  3|  4|  5|  6|  7|  8|  9|
+---+---+---+---+---+---+---+---+---+---+---+
|  1|  1|  2|  3|  4|  5|  6|  7|  8|  9| 10|
+---+---+---+---+---+---+---+---+---+---+---+
|  2|  2|  3|  4|  5|  6|  7|  8|  9| 10| 11|
+---+---+---+---+---+---+---+---+---+---+---+
|  3|  3|  4|  5|  6|  7|  8|  9| 10| 11| 12|
+---+---+---+---+---+---+---+---+---+---+---+
|  4|  4|  5|  6|  7|  8|  9| 10| 11| 12| 13|
+---+---+---+---+---+---+---+---+---+---+---+
|  5|  5|  6|  7|  8|  9| 10| 11| 12| 13| 14|
+---+---+---+---+---+---+---+---+---+---+---+
|  6|  6|  7|  8|  9| 10| 11| 12| 13| 14| 15|
+---+---+---+---+---+---+---+---+---+---+---+
|  7|  7|  8|  9| 10| 11| 12| 13| 14| 15| 16|
+---+---+---+---+---+---+---+---+---+---+---+
|  8|  8|  9| 10| 11| 12| 13| 14| 15| 16| 17|
+---+---+---+---+---+---+---+---+---+---+---+
|  9|  9| 10| 11| 12| 13| 14| 15| 16| 17| 18|
+---+---+---+---+---+---+---+---+---+---+---+
| 10| 10| 11| 12| 13| 14| 15| 16| 17| 18| 19|
+---+---+---+---+---+---+---+---+---+---+---+
| 11| 11| 12| 13| 14| 15| 16| 17| 18| 19| 20|
+---+---+---+---+---+---+---+---+---+---+---+
| 12| 12| 13| 14| 15| 16| 17| 18| 19| 20| 21|
+---+---+---+---+---+---+---+---+---+---+---+
| 13| 13| 14| 15| 16| 17| 18| 19| 20| 21| 22|
+---+---+---+---+---+---+---+---+---+---+---+
| 14| 14| 15| 16| 17| 18| 19| 20| 21| 22| 23|
+---+---+---+---+---+---+---+---+---+---+---+
| 15| 15| 16| 17| 18| 19| 20| 21| 22| 23| 24|
+---+---+---+---+---+---+---+---+---+---+---+
| 16| 16| 17| 18| 19| 20| 21| 22| 23| 24| 25|
+---+---+---+---+---+---+---+---+---+---+---+
| 17| 17| 18| 19| 20| 21| 22| 23| 24| 25| 26|
+---+---+---+---+---+---+---+---+---+---+---+
| 18| 18| 19| 20| 21| 22| 23| 24| 25| 26| 27|
+---+---+---+---+---+---+---+---+---+---+---+
| 19| 19| 20| 21| 22| 23| 24| 25| 26| 27| 28|
+---+---+---+---+---+---+---+---+---+---+---+
| 20| 20| 21| 22| 23| 24| 25| 26| 27| 28| 29|
+---+---+---+---+---+---+---+---+---+---+---+
| 21| 21| 22| 23| 24| 25| 26| 27| 28| 29| 30|
+---+---+---+---+---+---+---+---+---+---+---+
| 22| 22| 23| 24| 25| 26| 27| 28| 29| 30| 31|
+---+---+---+---+---+---+---+---+---+---+---+
| 23| 23| 24| 25| 26| 27| 28| 29| 30| 31| 32|
+---+---+---+---+---+---+---+---+---+---+---+
| 24| 24| 25| 26| 27| 28| 29| 30| 31| 32| 33|
+---+---+---+---+---+---+---+---+---+---+---+
| 25| 25| 26| 27| 28| 29| 30| 31| 32| 33| 34|
+---+---+---+---+---+---+---+---+---+---+---+
| 26| 26| 27| 28| 29| 30| 31| 32| 33| 34| 35|
+---+---+---+---+---+---+---+---+---+---+---+
| 27| 27| 28| 29| 30| 31| 32| 33| 34| 35| 36|
+---+---+---+---+---+---+---+---+---+---+---+
| 28| 28| 29| 30| 31| 32| 33| 34| 35| 36| 37|
+---+---+---+---+---+---+---+---+---+---+---+
| 29| 29| 30| 31| 32| 33| 34| 35| 36| 37| 38|
+---+---+---+---+---+---+---+---+---+---+---+
| 30| 30| 31| 32| 33| 34| 35| 36| 37| 38| 39|
+---+---+---+---+---+---+---+---+---+---+---+
| 31| 31| 32| 33| 34| 35| 36| 37| 38| 39| 40|
+---+---+---+---+---+---+---+---+---+---+---+
| 32| 32| 33| 34| 35| 36| 37| 38| 39| 40| 41|
+---+---+---+---+---+---+---+---+---+---+---+
| 33| 33| 34| 35| 36| 37| 38| 39| 40| 41| 42|
+---+---+---+---+---+---+---+---+---+---+---+
| 34| 34| 35| 36| 37| 38| 39| 40| 41| 42| 43|
+---+---+---+---+---+---+---+---+---+---+---+
| 35| 35| 36| 37| 38| 39| 40| 41| 42| 43| 44|
+---+---+---+---+---+---+---+---+---+---+---+
| 36| 36| 37| 38| 39| 40| 41| 42| 43| 44| 45|
+---+---+---+---+---+---+---+---+---+---+---+
| 37| 37| 38| 39| 40| 41| 42| 43| 44| 45| 46|
+---+---+---+---+---+---+---+---+---+---+---+
| 38| 38| 39| 40| 41| 42| 43| 44| 45| 46| 47|
+---+---+---+---+---+---+---+---+---+---+---+
| 39| 39| 40| 41| 42| 43| 44| 45| 46| 47| 48|
+---+---+---+---+---+---+---+---+---+---+---+
| 40| 40| 41| 42| 43| 44| 45| 46| 47| 48| 49|
+---+---+---+---+---+---+---+---+---+---+---+
| 41| 41| 42| 43| 44| 45| 46| 47| 48| 49| 50|
+---+---+---+---+---+---+---+---+---+---+---+
| 42| 42| 43| 44| 45| 46| 47| 48| 49| 50| 51|
+---+---+---+---+---+---+---+---+---+---+---+
| 43| 43| 44| 45| 46| 47| 48| 49| 50| 51| 52|
+---+---+---+---+---+---+---+---+---+---+---+
| 44| 44| 45| 46| 47| 48| 49| 50| 51| 52| 53|
+---+---+---+---+---+---+---+---+---+---+---+
| 45| 45| 46| 47| 48| 49| 50| 51| 52| 53| 54|
+---+---+---+---+---+---+---+---+---+---+---+
| 46| 46| 47| 48| 49| 50| 51| 52| 53| 54| 55|
+---+---+---+---+---+---+---+---+---+---+---+
| 47| 47| 48| 49| 50| 51| 52| 53| 54| 55| 56|
+---+---+---+---+---+---+---+---+---+---+---+
| 48| 48| 49| 50| 51| 52| 53| 54| 55| 56| 57|
+---+---+---+---+---+---+---+---+---+---+---+
| 49| 49| 50| 51| 52| 53| 54| 55| 56| 57| 58|
+---+---+---+---+---+---+---+---+---+---+---+
| 50| 50| 51| 52| 53| 54| 55| 56| 57| 58| 59|
+---+---+---+---+---+---+---+---+---+---+---+
| 51| 51| 52| 53| 54| 55| 56| 57| 58| 59| 60|
+---+---+---+---+---+---+---+---+---+---+---+
| 52| 52| 53| 54| 55| 56| 57| 58| 59| 60| 61|
+---+---+---+---+---+---+---+---+---+---+---+
| 53| 53| 54| 55| 56| 57| 58| 59| 60| 61| 62|
+---+---+---+---+---+---+---+---+---+---+---+
| 54| 54| 55| 56| 57| 58| 59| 60| 61| 62| 63|
+---+---+---+---+---+---+---+---+---+---+---+
| 55| 55| 56| 57| 58| 59| 60| 61| 62| 63| 64|
+---+---+---+---+---+---+---+---+---+---+---+
| 56| 56| 57| 58| 59| 60| 61| 62| 63| 64| 65|
+---+---+---+---+---+---+---+---+---+---+---+
| 57| 57| 58| 59| 60| 61| 62| 63| 64| 65| 66|
+---+---+---+---+---+---+---+---+---+---+---+
| 58| 58| 59| 60| 61| 62| 63| 64| 65| 66| 67|
+---+---+---+---+---+---+---+---+---+---+---+
| 59| 59| 60| 61| 62| 63| 64| 65| 66| 67| 68|
+---+---+---+---+---+---+---+---+---+---+---+
| 60| 60| 61| 62| 63| 64| 65| 66| 67| 68| 69|
+---+---+---+---+---+---+---+---+---+---+---+
| 61| 61| 62| 63| 64| 65| 66| 67| 68| 69| 70|
+---+---+---+---+---+---+---+---+---+---+---+
| 62| 62| 63| 64| 65| 66| 67| 68| 69| 70| 71|
+---+---+---+---+---+---+---+---+---+---+---+
| 63| 63| 64| 65| 66| 67| 68| 69| 70| 71| 72|
+---+---+---+---+---+---+---+---+---+---+---+
| 64| 64| 65| 66| 67| 68| 69| 70| 71| 72| 73|
+---+---+---+---+---+---+---+---+---+---+---+
| 65| 65| 66| 67| 68| 69| 70| 71| 72| 73| 74|
+---+---+---+---+---+---+---+---+---+---+---+
| 66| 66| 67| 68| 69| 70| 71| 72| 73| 74| 75|
+---+---+---+---+---+---+---+---+---+---+---+
| 67| 67| 68| 69| 70| 71| 72| 73| 74| 75| 76|
+---+---+---+---+---+---+---+---+---+---+---+
| 68| 68| 69| 70| 71| 72| 73| 74| 75| 76| 77|
+---+---+---+---+---+---+---+---+---+---+---+
| 69| 69| 70| 71| 72| 73| 74| 75| 76| 77| 78|
+---+---+---+---+---+---+---+---+---+---+---+
| 70| 70| 71| 72| 73| 74| 75| 76| 77| 78| 79|
+---+---+---+---+---+---+---+---+---+---+---+
| 71| 71| 72| 73| 74| 75| 76| 77| 78| 79| 80|
+---+---+---+---+---+---+---+---+---+---+---+
| 72| 72| 73| 74| 75| 76| 77| 78| 79| 80| 81|
+---+---+---+---+---+---+---+---+---+---+---+
| 73| 73| 74| 75| 76| 77| 78| 79| 80| 81| 82|
+---+---+---+---+---+---+---+---+---+---+---+
| 74| 74| 75| 76| 77| 78| 79| 80| 81| 82| 83|
+---+---+---+---+---+---+---+---+---+---+---+
| 75| 75| 76| 77| 78| 79| 80| 81| 82| 83| 84|
+---+---+---+---+---+---+---+---+---+---+---+
| 76| 76| 77| 78| 79| 80| 81| 82| 83| 84| 85|
+---+---+---+---+---+---+---+---+---+---+---+
| 77| 77| 78| 79| 80| 81| 82| 83| 84| 85| 86|
+---+---+---+---+---+---+---+---+---+---+---+
| 78| 78| 79| 80| 81| 82| 83| 84| 85| 86| 87|
+---+---+---+---+---+---+---+---+---+---+---+
| 79| 79| 80| 81| 82| 83| 84| 85| 86| 87| 88|
+---+---+---+---+---+---+---+---+---+---+---+
| 80| 80| 81| 82| 83| 84| 85| 86| 87| 88| 89|
+---+---+---+---+---+---+---+---+---+---+---+
| 81| 81| 82| 83| 84| 85| 86| 87| 88| 89| 90|
+---+---+---+---+---+---+---+---+---+---+---+
| 82| 82| 83| 84| 85| 86| 87| 88| 89| 90| 91|
+---+---+---+---+---+---+---+---+---+---+---+
| 83| 83| 84| 85| 86| 87| 88| 89| 90| 91| 92|
+---+---+---+---+---+---+---+---+---+---+---+
| 84| 84| 85| 86| 87| 88| 89| 90| 91| 92| 93|
+---+---+---+---+---+---+---+---+---+---+---+
| 85| 85| 86| 87| 88| 89| 90| 91| 92| 93| 94|
+---+---+---+---+---+---+---+---+---+---+---+
| 86| 86| 87| 88| 89| 90| 91| 92| 93| 94| 95|
+---+---+---+---+---+---+---+---+---+---+---+
| 87| 87| 88| 89| 90| 91| 92| 93| 94| 95| 96|
+---+---+---+---+---+---+---+---+---+---+---+
| 88| 88| 89| 90| 91| 92| 93| 94| 95| 96| 97|
+---+---+---+---+---+---+---+---+---+---+---+
| 89| 89| 90| 91| 92| 93| 94| 95| 96| 97| 98|
+---+---+---+---+---+---+---+---+---+---+---+
| 90| 90| 91| 92| 93| 94| 95| 96| 97| 98| 99|
+---+---+---+---+---+---+---+---+---+---+---+
| 91| 91| 92| 93| 94| 95| 96| 97| 98| 99|100|
+---+---+---+---+---+---+---+---+---+---+---+
| 92| 92| 93| 94| 95| 96| 97| 98| 99|100|101|
+---+---+---+---+---+---+---+---+---+---+---+
| 93| 93| 94| 95| 96| 97| 98| 99|100|101|102|
+---+---+---+---+---+---+---+---+---+---+---+
| 94| 94| 95| 96| 97| 98| 99|100|101|102|103|
+---+---+---+---+---+---+---+---+---+---+---+
| 95| 95| 96| 97| 98| 99|100|101|102|103|104|
+---+---+---+---+---+---+---+---+---+---+---+
| 96| 96| 97| 98| 99|100|101|102|103|104|105|
+---+---+---+---+---+---+---+---+---+---+---+
| 97| 97| 98| 99|100|101|102|103|104|105|106|
+---+---+---+---+---+---+---+---+---+---+---+
| 98| 98| 99|100|101|102|103|104|105|106|107|
+---+---+---+---+---+---+---+---+---+---+---+
| 99| 99|100|101|102|103|104|105|106|107|108|
+---+---+---+---+---+---+---+---+---+---+---+
