0 x 11111 1111 = 0
1 x 11111 1111 = 11111 1111
11 x 11111 1111 = 11111 11111 11111 111
111 x 11111 1111 = 11111 11111 11111 11111 11111 11
1111 x 11111 1111 = 11111 11111 11111 11111 11111 11111 11111 1
11111  x 11111 1111 = 11111 11111 11111 11111 11111 11111 11111 11111 11111 
11111 1 x 11111 1111 = 11111 11111 11111 11111 11111 11111 11111 11111 11111 11111 1111
11111 11 x 11111 1111 = 11111 11111 11111 11111 11111 11111 11111 11111 11111 11111 11111 11111 111
11111 111 x 11111 1111 = 11111 11111 11111 11111 11111 11111 11111 11111 11111 11111 11111 11111 11111 11111 11
11111 1111 x 11111 1111 = 11111 11111 11111 11111 11111 11111 11111 11111 11111 11111 11111 11111 11111 11111 11111 11111 1
11111 11111  x 11111 1111 = 11111 11111 11111 11111 11111 11111 11111 11111 11111 11111 11111 11111 11111 11111 11111 11111 11111 11111 
