+---+---+---+---+---+---+---+---+---+---+---+
|   | /1| /2| /3| /4| /5| /6| /7| /8| /9|/10|
+===+===+===+===+===+===+===+===+===+===+===+
|  1|  1|   |   |   |   |   |   |   |   |   |
+---+---+---+---+---+---+---+---+---+---+---+
|  2|  2|  1|   |   |   |   |   |   |   |   |
+---+---+---+---+---+---+---+---+---+---+---+
|  3|  3|   |  1|   |   |   |   |   |   |   |
+---+---+---+---+---+---+---+---+---+---+---+
|  4|  4|  2|   |  1|   |   |   |   |   |   |
+---+---+---+---+---+---+---+---+---+---+---+
|  5|  5|   |   |   |  1|   |   |   |   |   |
+---+---+---+---+---+---+---+---+---+---+---+
|  6|  6|  3|  2|   |   |  1|   |   |   |   |
+---+---+---+---+---+---+---+---+---+---+---+
|  7|  7|   |   |   |   |   |  1|   |   |   |
+---+---+---+---+---+---+---+---+---+---+---+
|  8|  8|  4|   |  2|   |   |   |  1|   |   |
+---+---+---+---+---+---+---+---+---+---+---+
|  9|  9|   |  3|   |   |   |   |   |  1|   |
+---+---+---+---+---+---+---+---+---+---+---+
| 10| 10|  5|   |   |  2|   |   |   |   |  1|
+---+---+---+---+---+---+---+---+---+---+---+
| 11| 11|   |   |   |   |   |   |   |   |   |
+---+---+---+---+---+---+---+---+---+---+---+
| 12| 12|  6|  4|  3|   |  2|   |   |   |   |
+---+---+---+---+---+---+---+---+---+---+---+
| 13| 13|   |   |   |   |   |   |   |   |   |
+---+---+---+---+---+---+---+---+---+---+---+
| 14| 14|  7|   |   |   |   |  2|   |   |   |
+---+---+---+---+---+---+---+---+---+---+---+
| 15| 15|   |  5|   |  3|   |   |   |   |   |
+---+---+---+---+---+---+---+---+---+---+---+
| 16| 16|  8|   |  4|   |   |   |  2|   |   |
+---+---+---+---+---+---+---+---+---+---+---+
| 17| 17|   |   |   |   |   |   |   |   |   |
+---+---+---+---+---+---+---+---+---+---+---+
| 18| 18|  9|  6|   |   |  3|   |   |  2|   |
+---+---+---+---+---+---+---+---+---+---+---+
| 19| 19|   |   |   |   |   |   |   |   |   |
+---+---+---+---+---+---+---+---+---+---+---+
| 20| 20| 10|   |  5|  4|   |   |   |   |  2|
+---+---+---+---+---+---+---+---+---+---+---+
| 21| 21|   |  7|   |   |   |  3|   |   |   |
+---+---+---+---+---+---+---+---+---+---+---+
| 22| 22| 11|   |   |   |   |   |   |   |   |
+---+---+---+---+---+---+---+---+---+---+---+
| 23| 23|   |   |   |   |   |   |   |   |   |
+---+---+---+---+---+---+---+---+---+---+---+
| 24| 24| 12|  8|  6|   |  4|   |  3|   |   |
+---+---+---+---+---+---+---+---+---+---+---+
| 25| 25|   |   |   |  5|   |   |   |   |   |
+---+---+---+---+---+---+---+---+---+---+---+
| 26| 26| 13|   |   |   |   |   |   |   |   |
+---+---+---+---+---+---+---+---+---+---+---+
| 27| 27|   |  9|   |   |   |   |   |  3|   |
+---+---+---+---+---+---+---+---+---+---+---+
| 28| 28| 14|   |  7|   |   |  4|   |   |   |
+---+---+---+---+---+---+---+---+---+---+---+
| 29| 29|   |   |   |   |   |   |   |   |   |
+---+---+---+---+---+---+---+---+---+---+---+
| 30| 30| 15| 10|   |  6|  5|   |   |   |  3|
+---+---+---+---+---+---+---+---+---+---+---+
| 31| 31|   |   |   |   |   |   |   |   |   |
+---+---+---+---+---+---+---+---+---+---+---+
| 32| 32| 16|   |  8|   |   |   |  4|   |   |
+---+---+---+---+---+---+---+---+---+---+---+
| 33| 33|   | 11|   |   |   |   |   |   |   |
+---+---+---+---+---+---+---+---+---+---+---+
| 34| 34| 17|   |   |   |   |   |   |   |   |
+---+---+---+---+---+---+---+---+---+---+---+
| 35| 35|   |   |   |  7|   |  5|   |   |   |
+---+---+---+---+---+---+---+---+---+---+---+
| 36| 36| 18| 12|  9|   |  6|   |   |  4|   |
+---+---+---+---+---+---+---+---+---+---+---+
| 37| 37|   |   |   |   |   |   |   |   |   |
+---+---+---+---+---+---+---+---+---+---+---+
| 38| 38| 19|   |   |   |   |   |   |   |   |
+---+---+---+---+---+---+---+---+---+---+---+
| 39| 39|   | 13|   |   |   |   |   |   |   |
+---+---+---+---+---+---+---+---+---+---+---+
| 40| 40| 20|   | 10|  8|   |   |  5|   |  4|
+---+---+---+---+---+---+---+---+---+---+---+
| 41| 41|   |   |   |   |   |   |   |   |   |
+---+---+---+---+---+---+---+---+---+---+---+
| 42| 42| 21| 14|   |   |  7|  6|   |   |   |
+---+---+---+---+---+---+---+---+---+---+---+
| 43| 43|   |   |   |   |   |   |   |   |   |
+---+---+---+---+---+---+---+---+---+---+---+
| 44| 44| 22|   | 11|   |   |   |   |   |   |
+---+---+---+---+---+---+---+---+---+---+---+
| 45| 45|   | 15|   |  9|   |   |   |  5|   |
+---+---+---+---+---+---+---+---+---+---+---+
| 46| 46| 23|   |   |   |   |   |   |   |   |
+---+---+---+---+---+---+---+---+---+---+---+
| 47| 47|   |   |   |   |   |   |   |   |   |
+---+---+---+---+---+---+---+---+---+---+---+
| 48| 48| 24| 16| 12|   |  8|   |  6|   |   |
+---+---+---+---+---+---+---+---+---+---+---+
| 49| 49|   |   |   |   |   |  7|   |   |   |
+---+---+---+---+---+---+---+---+---+---+---+
| 50| 50| 25|   |   | 10|   |   |   |   |  5|
+---+---+---+---+---+---+---+---+---+---+---+
| 51| 51|   | 17|   |   |   |   |   |   |   |
+---+---+---+---+---+---+---+---+---+---+---+
| 52| 52| 26|   | 13|   |   |   |   |   |   |
+---+---+---+---+---+---+---+---+---+---+---+
| 53| 53|   |   |   |   |   |   |   |   |   |
+---+---+---+---+---+---+---+---+---+---+---+
| 54| 54| 27| 18|   |   |  9|   |   |  6|   |
+---+---+---+---+---+---+---+---+---+---+---+
| 55| 55|   |   |   | 11|   |   |   |   |   |
+---+---+---+---+---+---+---+---+---+---+---+
| 56| 56| 28|   | 14|   |   |  8|  7|   |   |
+---+---+---+---+---+---+---+---+---+---+---+
| 57| 57|   | 19|   |   |   |   |   |   |   |
+---+---+---+---+---+---+---+---+---+---+---+
| 58| 58| 29|   |   |   |   |   |   |   |   |
+---+---+---+---+---+---+---+---+---+---+---+
| 59| 59|   |   |   |   |   |   |   |   |   |
+---+---+---+---+---+---+---+---+---+---+---+
| 60| 60| 30| 20| 15| 12| 10|   |   |   |  6|
+---+---+---+---+---+---+---+---+---+---+---+
| 61| 61|   |   |   |   |   |   |   |   |   |
+---+---+---+---+---+---+---+---+---+---+---+
| 62| 62| 31|   |   |   |   |   |   |   |   |
+---+---+---+---+---+---+---+---+---+---+---+
| 63| 63|   | 21|   |   |   |  9|   |  7|   |
+---+---+---+---+---+---+---+---+---+---+---+
| 64| 64| 32|   | 16|   |   |   |  8|   |   |
+---+---+---+---+---+---+---+---+---+---+---+
| 65| 65|   |   |   | 13|   |   |   |   |   |
+---+---+---+---+---+---+---+---+---+---+---+
| 66| 66| 33| 22|   |   | 11|   |   |   |   |
+---+---+---+---+---+---+---+---+---+---+---+
| 67| 67|   |   |   |   |   |   |   |   |   |
+---+---+---+---+---+---+---+---+---+---+---+
| 68| 68| 34|   | 17|   |   |   |   |   |   |
+---+---+---+---+---+---+---+---+---+---+---+
| 69| 69|   | 23|   |   |   |   |   |   |   |
+---+---+---+---+---+---+---+---+---+---+---+
| 70| 70| 35|   |   | 14|   | 10|   |   |  7|
+---+---+---+---+---+---+---+---+---+---+---+
| 71| 71|   |   |   |   |   |   |   |   |   |
+---+---+---+---+---+---+---+---+---+---+---+
| 72| 72| 36| 24| 18|   | 12|   |  9|  8|   |
+---+---+---+---+---+---+---+---+---+---+---+
| 73| 73|   |   |   |   |   |   |   |   |   |
+---+---+---+---+---+---+---+---+---+---+---+
| 74| 74| 37|   |   |   |   |   |   |   |   |
+---+---+---+---+---+---+---+---+---+---+---+
| 75| 75|   | 25|   | 15|   |   |   |   |   |
+---+---+---+---+---+---+---+---+---+---+---+
| 76| 76| 38|   | 19|   |   |   |   |   |   |
+---+---+---+---+---+---+---+---+---+---+---+
| 77| 77|   |   |   |   |   | 11|   |   |   |
+---+---+---+---+---+---+---+---+---+---+---+
| 78| 78| 39| 26|   |   | 13|   |   |   |   |
+---+---+---+---+---+---+---+---+---+---+---+
| 79| 79|   |   |   |   |   |   |   |   |   |
+---+---+---+---+---+---+---+---+---+---+---+
| 80| 80| 40|   | 20| 16|   |   | 10|   |  8|
+---+---+---+---+---+---+---+---+---+---+---+
| 81| 81|   | 27|   |   |   |   |   |  9|   |
+---+---+---+---+---+---+---+---+---+---+---+
| 82| 82| 41|   |   |   |   |   |   |   |   |
+---+---+---+---+---+---+---+---+---+---+---+
| 83| 83|   |   |   |   |   |   |   |   |   |
+---+---+---+---+---+---+---+---+---+---+---+
| 84| 84| 42| 28| 21|   | 14| 12|   |   |   |
+---+---+---+---+---+---+---+---+---+---+---+
| 85| 85|   |   |   | 17|   |   |   |   |   |
+---+---+---+---+---+---+---+---+---+---+---+
| 86| 86| 43|   |   |   |   |   |   |   |   |
+---+---+---+---+---+---+---+---+---+---+---+
| 87| 87|   | 29|   |   |   |   |   |   |   |
+---+---+---+---+---+---+---+---+---+---+---+
| 88| 88| 44|   | 22|   |   |   | 11|   |   |
+---+---+---+---+---+---+---+---+---+---+---+
| 89| 89|   |   |   |   |   |   |   |   |   |
+---+---+---+---+---+---+---+---+---+---+---+
| 90| 90| 45| 30|   | 18| 15|   |   | 10|  9|
+---+---+---+---+---+---+---+---+---+---+---+
| 91| 91|   |   |   |   |   | 13|   |   |   |
+---+---+---+---+---+---+---+---+---+---+---+
| 92| 92| 46|   | 23|   |   |   |   |   |   |
+---+---+---+---+---+---+---+---+---+---+---+
| 93| 93|   | 31|   |   |   |   |   |   |   |
+---+---+---+---+---+---+---+---+---+---+---+
| 94| 94| 47|   |   |   |   |   |   |   |   |
+---+---+---+---+---+---+---+---+---+---+---+
| 95| 95|   |   |   | 19|   |   |   |   |   |
+---+---+---+---+---+---+---+---+---+---+---+
| 96| 96| 48| 32| 24|   | 16|   | 12|   |   |
+---+---+---+---+---+---+---+---+---+---+---+
| 97| 97|   |   |   |   |   |   |   |   |   |
+---+---+---+---+---+---+---+---+---+---+---+
| 98| 98| 49|   |   |   |   | 14|   |   |   |
+---+---+---+---+---+---+---+---+---+---+---+
| 99| 99|   | 33|   |   |   |   |   | 11|   |
+---+---+---+---+---+---+---+---+---+---+---+
|100|100| 50|   | 25| 20|   |   |   |   | 10|
+---+---+---+---+---+---+---+---+---+---+---+
