+---+---+---+---+---+---+---+---+---+---+---+
|   | -0| -1| -2| -3| -4| -5| -6| -7| -8| -9|
+===+===+===+===+===+===+===+===+===+===+===+
|  0|  0| -1| -2| -3| -4| -5| -6| -7| -8| -9|
+---+---+---+---+---+---+---+---+---+---+---+
|  1|  1|  0| -1| -2| -3| -4| -5| -6| -7| -8|
+---+---+---+---+---+---+---+---+---+---+---+
|  2|  2|  1|  0| -1| -2| -3| -4| -5| -6| -7|
+---+---+---+---+---+---+---+---+---+---+---+
|  3|  3|  2|  1|  0| -1| -2| -3| -4| -5| -6|
+---+---+---+---+---+---+---+---+---+---+---+
|  4|  4|  3|  2|  1|  0| -1| -2| -3| -4| -5|
+---+---+---+---+---+---+---+---+---+---+---+
|  5|  5|  4|  3|  2|  1|  0| -1| -2| -3| -4|
+---+---+---+---+---+---+---+---+---+---+---+
|  6|  6|  5|  4|  3|  2|  1|  0| -1| -2| -3|
+---+---+---+---+---+---+---+---+---+---+---+
|  7|  7|  6|  5|  4|  3|  2|  1|  0| -1| -2|
+---+---+---+---+---+---+---+---+---+---+---+
|  8|  8|  7|  6|  5|  4|  3|  2|  1|  0| -1|
+---+---+---+---+---+---+---+---+---+---+---+
|  9|  9|  8|  7|  6|  5|  4|  3|  2|  1|  0|
+---+---+---+---+---+---+---+---+---+---+---+
| 10| 10|  9|  8|  7|  6|  5|  4|  3|  2|  1|
+---+---+---+---+---+---+---+---+---+---+---+
| 11| 11| 10|  9|  8|  7|  6|  5|  4|  3|  2|
+---+---+---+---+---+---+---+---+---+---+---+
| 12| 12| 11| 10|  9|  8|  7|  6|  5|  4|  3|
+---+---+---+---+---+---+---+---+---+---+---+
| 13| 13| 12| 11| 10|  9|  8|  7|  6|  5|  4|
+---+---+---+---+---+---+---+---+---+---+---+
| 14| 14| 13| 12| 11| 10|  9|  8|  7|  6|  5|
+---+---+---+---+---+---+---+---+---+---+---+
| 15| 15| 14| 13| 12| 11| 10|  9|  8|  7|  6|
+---+---+---+---+---+---+---+---+---+---+---+
| 16| 16| 15| 14| 13| 12| 11| 10|  9|  8|  7|
+---+---+---+---+---+---+---+---+---+---+---+
| 17| 17| 16| 15| 14| 13| 12| 11| 10|  9|  8|
+---+---+---+---+---+---+---+---+---+---+---+
| 18| 18| 17| 16| 15| 14| 13| 12| 11| 10|  9|
+---+---+---+---+---+---+---+---+---+---+---+
| 19| 19| 18| 17| 16| 15| 14| 13| 12| 11| 10|
+---+---+---+---+---+---+---+---+---+---+---+
| 20| 20| 19| 18| 17| 16| 15| 14| 13| 12| 11|
+---+---+---+---+---+---+---+---+---+---+---+
| 21| 21| 20| 19| 18| 17| 16| 15| 14| 13| 12|
+---+---+---+---+---+---+---+---+---+---+---+
| 22| 22| 21| 20| 19| 18| 17| 16| 15| 14| 13|
+---+---+---+---+---+---+---+---+---+---+---+
| 23| 23| 22| 21| 20| 19| 18| 17| 16| 15| 14|
+---+---+---+---+---+---+---+---+---+---+---+
| 24| 24| 23| 22| 21| 20| 19| 18| 17| 16| 15|
+---+---+---+---+---+---+---+---+---+---+---+
| 25| 25| 24| 23| 22| 21| 20| 19| 18| 17| 16|
+---+---+---+---+---+---+---+---+---+---+---+
| 26| 26| 25| 24| 23| 22| 21| 20| 19| 18| 17|
+---+---+---+---+---+---+---+---+---+---+---+
| 27| 27| 26| 25| 24| 23| 22| 21| 20| 19| 18|
+---+---+---+---+---+---+---+---+---+---+---+
| 28| 28| 27| 26| 25| 24| 23| 22| 21| 20| 19|
+---+---+---+---+---+---+---+---+---+---+---+
| 29| 29| 28| 27| 26| 25| 24| 23| 22| 21| 20|
+---+---+---+---+---+---+---+---+---+---+---+
| 30| 30| 29| 28| 27| 26| 25| 24| 23| 22| 21|
+---+---+---+---+---+---+---+---+---+---+---+
| 31| 31| 30| 29| 28| 27| 26| 25| 24| 23| 22|
+---+---+---+---+---+---+---+---+---+---+---+
| 32| 32| 31| 30| 29| 28| 27| 26| 25| 24| 23|
+---+---+---+---+---+---+---+---+---+---+---+
| 33| 33| 32| 31| 30| 29| 28| 27| 26| 25| 24|
+---+---+---+---+---+---+---+---+---+---+---+
| 34| 34| 33| 32| 31| 30| 29| 28| 27| 26| 25|
+---+---+---+---+---+---+---+---+---+---+---+
| 35| 35| 34| 33| 32| 31| 30| 29| 28| 27| 26|
+---+---+---+---+---+---+---+---+---+---+---+
| 36| 36| 35| 34| 33| 32| 31| 30| 29| 28| 27|
+---+---+---+---+---+---+---+---+---+---+---+
| 37| 37| 36| 35| 34| 33| 32| 31| 30| 29| 28|
+---+---+---+---+---+---+---+---+---+---+---+
| 38| 38| 37| 36| 35| 34| 33| 32| 31| 30| 29|
+---+---+---+---+---+---+---+---+---+---+---+
| 39| 39| 38| 37| 36| 35| 34| 33| 32| 31| 30|
+---+---+---+---+---+---+---+---+---+---+---+
| 40| 40| 39| 38| 37| 36| 35| 34| 33| 32| 31|
+---+---+---+---+---+---+---+---+---+---+---+
| 41| 41| 40| 39| 38| 37| 36| 35| 34| 33| 32|
+---+---+---+---+---+---+---+---+---+---+---+
| 42| 42| 41| 40| 39| 38| 37| 36| 35| 34| 33|
+---+---+---+---+---+---+---+---+---+---+---+
| 43| 43| 42| 41| 40| 39| 38| 37| 36| 35| 34|
+---+---+---+---+---+---+---+---+---+---+---+
| 44| 44| 43| 42| 41| 40| 39| 38| 37| 36| 35|
+---+---+---+---+---+---+---+---+---+---+---+
| 45| 45| 44| 43| 42| 41| 40| 39| 38| 37| 36|
+---+---+---+---+---+---+---+---+---+---+---+
| 46| 46| 45| 44| 43| 42| 41| 40| 39| 38| 37|
+---+---+---+---+---+---+---+---+---+---+---+
| 47| 47| 46| 45| 44| 43| 42| 41| 40| 39| 38|
+---+---+---+---+---+---+---+---+---+---+---+
| 48| 48| 47| 46| 45| 44| 43| 42| 41| 40| 39|
+---+---+---+---+---+---+---+---+---+---+---+
| 49| 49| 48| 47| 46| 45| 44| 43| 42| 41| 40|
+---+---+---+---+---+---+---+---+---+---+---+
| 50| 50| 49| 48| 47| 46| 45| 44| 43| 42| 41|
+---+---+---+---+---+---+---+---+---+---+---+
| 51| 51| 50| 49| 48| 47| 46| 45| 44| 43| 42|
+---+---+---+---+---+---+---+---+---+---+---+
| 52| 52| 51| 50| 49| 48| 47| 46| 45| 44| 43|
+---+---+---+---+---+---+---+---+---+---+---+
| 53| 53| 52| 51| 50| 49| 48| 47| 46| 45| 44|
+---+---+---+---+---+---+---+---+---+---+---+
| 54| 54| 53| 52| 51| 50| 49| 48| 47| 46| 45|
+---+---+---+---+---+---+---+---+---+---+---+
| 55| 55| 54| 53| 52| 51| 50| 49| 48| 47| 46|
+---+---+---+---+---+---+---+---+---+---+---+
| 56| 56| 55| 54| 53| 52| 51| 50| 49| 48| 47|
+---+---+---+---+---+---+---+---+---+---+---+
| 57| 57| 56| 55| 54| 53| 52| 51| 50| 49| 48|
+---+---+---+---+---+---+---+---+---+---+---+
| 58| 58| 57| 56| 55| 54| 53| 52| 51| 50| 49|
+---+---+---+---+---+---+---+---+---+---+---+
| 59| 59| 58| 57| 56| 55| 54| 53| 52| 51| 50|
+---+---+---+---+---+---+---+---+---+---+---+
| 60| 60| 59| 58| 57| 56| 55| 54| 53| 52| 51|
+---+---+---+---+---+---+---+---+---+---+---+
| 61| 61| 60| 59| 58| 57| 56| 55| 54| 53| 52|
+---+---+---+---+---+---+---+---+---+---+---+
| 62| 62| 61| 60| 59| 58| 57| 56| 55| 54| 53|
+---+---+---+---+---+---+---+---+---+---+---+
| 63| 63| 62| 61| 60| 59| 58| 57| 56| 55| 54|
+---+---+---+---+---+---+---+---+---+---+---+
| 64| 64| 63| 62| 61| 60| 59| 58| 57| 56| 55|
+---+---+---+---+---+---+---+---+---+---+---+
| 65| 65| 64| 63| 62| 61| 60| 59| 58| 57| 56|
+---+---+---+---+---+---+---+---+---+---+---+
| 66| 66| 65| 64| 63| 62| 61| 60| 59| 58| 57|
+---+---+---+---+---+---+---+---+---+---+---+
| 67| 67| 66| 65| 64| 63| 62| 61| 60| 59| 58|
+---+---+---+---+---+---+---+---+---+---+---+
| 68| 68| 67| 66| 65| 64| 63| 62| 61| 60| 59|
+---+---+---+---+---+---+---+---+---+---+---+
| 69| 69| 68| 67| 66| 65| 64| 63| 62| 61| 60|
+---+---+---+---+---+---+---+---+---+---+---+
| 70| 70| 69| 68| 67| 66| 65| 64| 63| 62| 61|
+---+---+---+---+---+---+---+---+---+---+---+
| 71| 71| 70| 69| 68| 67| 66| 65| 64| 63| 62|
+---+---+---+---+---+---+---+---+---+---+---+
| 72| 72| 71| 70| 69| 68| 67| 66| 65| 64| 63|
+---+---+---+---+---+---+---+---+---+---+---+
| 73| 73| 72| 71| 70| 69| 68| 67| 66| 65| 64|
+---+---+---+---+---+---+---+---+---+---+---+
| 74| 74| 73| 72| 71| 70| 69| 68| 67| 66| 65|
+---+---+---+---+---+---+---+---+---+---+---+
| 75| 75| 74| 73| 72| 71| 70| 69| 68| 67| 66|
+---+---+---+---+---+---+---+---+---+---+---+
| 76| 76| 75| 74| 73| 72| 71| 70| 69| 68| 67|
+---+---+---+---+---+---+---+---+---+---+---+
| 77| 77| 76| 75| 74| 73| 72| 71| 70| 69| 68|
+---+---+---+---+---+---+---+---+---+---+---+
| 78| 78| 77| 76| 75| 74| 73| 72| 71| 70| 69|
+---+---+---+---+---+---+---+---+---+---+---+
| 79| 79| 78| 77| 76| 75| 74| 73| 72| 71| 70|
+---+---+---+---+---+---+---+---+---+---+---+
| 80| 80| 79| 78| 77| 76| 75| 74| 73| 72| 71|
+---+---+---+---+---+---+---+---+---+---+---+
| 81| 81| 80| 79| 78| 77| 76| 75| 74| 73| 72|
+---+---+---+---+---+---+---+---+---+---+---+
| 82| 82| 81| 80| 79| 78| 77| 76| 75| 74| 73|
+---+---+---+---+---+---+---+---+---+---+---+
| 83| 83| 82| 81| 80| 79| 78| 77| 76| 75| 74|
+---+---+---+---+---+---+---+---+---+---+---+
| 84| 84| 83| 82| 81| 80| 79| 78| 77| 76| 75|
+---+---+---+---+---+---+---+---+---+---+---+
| 85| 85| 84| 83| 82| 81| 80| 79| 78| 77| 76|
+---+---+---+---+---+---+---+---+---+---+---+
| 86| 86| 85| 84| 83| 82| 81| 80| 79| 78| 77|
+---+---+---+---+---+---+---+---+---+---+---+
| 87| 87| 86| 85| 84| 83| 82| 81| 80| 79| 78|
+---+---+---+---+---+---+---+---+---+---+---+
| 88| 88| 87| 86| 85| 84| 83| 82| 81| 80| 79|
+---+---+---+---+---+---+---+---+---+---+---+
| 89| 89| 88| 87| 86| 85| 84| 83| 82| 81| 80|
+---+---+---+---+---+---+---+---+---+---+---+
| 90| 90| 89| 88| 87| 86| 85| 84| 83| 82| 81|
+---+---+---+---+---+---+---+---+---+---+---+
| 91| 91| 90| 89| 88| 87| 86| 85| 84| 83| 82|
+---+---+---+---+---+---+---+---+---+---+---+
| 92| 92| 91| 90| 89| 88| 87| 86| 85| 84| 83|
+---+---+---+---+---+---+---+---+---+---+---+
| 93| 93| 92| 91| 90| 89| 88| 87| 86| 85| 84|
+---+---+---+---+---+---+---+---+---+---+---+
| 94| 94| 93| 92| 91| 90| 89| 88| 87| 86| 85|
+---+---+---+---+---+---+---+---+---+---+---+
| 95| 95| 94| 93| 92| 91| 90| 89| 88| 87| 86|
+---+---+---+---+---+---+---+---+---+---+---+
| 96| 96| 95| 94| 93| 92| 91| 90| 89| 88| 87|
+---+---+---+---+---+---+---+---+---+---+---+
| 97| 97| 96| 95| 94| 93| 92| 91| 90| 89| 88|
+---+---+---+---+---+---+---+---+---+---+---+
| 98| 98| 97| 96| 95| 94| 93| 92| 91| 90| 89|
+---+---+---+---+---+---+---+---+---+---+---+
| 99| 99| 98| 97| 96| 95| 94| 93| 92| 91| 90|
+---+---+---+---+---+---+---+---+---+---+---+
